kmeansMusic
[1,0,4,3,2,0,0,4,0,2,1,4,2,0,2,4,1,0,0,1,4,4,1,1,0,2,0,0,2,1,4]

[[0.263, 0.5539999999999999, 0.561, 0.033, 0.212, 116.559, 0.475, 54.63],
[0.157, 0.5469999999999999, 0.617, 0.04, 0.117, 122.252, 0.466, 59.03],
[0.33799999999999997, 0.5429999999999999, 0.675, 0.01, 0.35700000000000004, 129.802, 0.5579999999999999, 58.1],
[0.254, 0.588, 0.623, 0.02, 0.173, 104.578, 0.554, 29.08],
[0.177, 0.331, 0.658, 0.36, 0.215, 116.734, 0.211, 34.4],
[0.228, 0.589, 0.527, 0.003, 0.133, 123.862, 0.384, 59.98],
[0.191, 0.552, 0.633, 0.034, 0.119, 120.225, 0.457, 57.83],
[0.05, 0.572, 0.772, 0.065, 0.152, 128.797, 0.493, 53.99],
[0.153, 0.428, 0.651, 0.024, 0.179, 122.803, 0.423, 58.09],
[0.137, 0.633, 0.591, 0.001, 0.148, 118.976, 0.639, 42.12],
[0.32799999999999996, 0.574, 0.5820000000000001, 0.03, 0.168, 119.413, 0.5870000000000001, 53.36],
[0.327, 0.488, 0.594, 0, 0.247, 125.891, 0.463, 53.89],
[0.266, 0.5619999999999999, 0.562, 0.064, 0.134, 119.049, 0.534, 41.1],
[0.115, 0.417, 0.665, 0.024, 0.154, 123.776, 0.434, 63.3],
[0.303, 0.598, 0.597, 0.022000000000000002, 0.182, 119.927, 0.57, 44.99],
[0.168, 0.55, 0.685, 0.015, 0.163, 126.014, 0.475, 53.95],
[0.29100000000000004, 0.539, 0.711, 0.005, 0.435, 123.749, 0.598, 50.48],
[0.31, 0.59, 0.545, 0.01, 0.201, 121.835, 0.483, 64.24],
[0.17, 0.626, 0.565, 0.001, 0.12, 115.643, 0.487, 58.04],
[0.452, 0.584, 0.498, 0.0, 0.316, 123.086, 0.488, 51.33],
[0.228, 0.47, 0.6779999999999999, 0.023, 0.215, 129.182, 0.382, 52.89],
[0.136, 0.545, 0.712, 0.052, 0.169, 127.525, 0.522, 58.08],
[0.481, 0.398, 0.484, 0.474, 0.14, 119.317, 0.336, 50.31],
[0.313, 0.459, 0.571, 0.05, 0.182, 120.383, 0.338, 50.55],
[0.2, 0.613, 0.631, 0.001, 0.148, 120.875, 0.521, 60.06],
[0.212, 0.568, 0.5870000000000001, 0.012, 0.129, 120.072, 0.528, 45.42],
[0.15, 0.571, 0.652, 0.052, 0.155, 122.363, 0.427, 62.64],
[0.242, 0.598, 0.569, 0.039, 0.143, 121.21, 0.49, 57.39],
[0.44, 0.477, 0.507, 0.018000000000000002, 0.239, 125.816, 0.39299999999999996, 37.24],
[0.187, 0.531, 0.652, 0.013, 0.259, 127.875, 0.502, 45.96],
[0.274, 0.603, 0.74, 0.004, 0.318, 134.985, 0.626, 58.97]]


// pos music

kmeansposMusic
[1,1,2,3,0,1,1,2,1,0,1,2,0,1,0,2,4,1,1,4,2,2,4,4,1,0,1,1,0,4,2]

[[0.04429638065756358, -0.0017475544561839115],
[0.028151506339311592, -0.030451061222120632],
[-0.03327419803906502, -0.0440768960882544],
[0.041162749038764754, 0.1425952507129106],
[-0.0016839661925332151, 0.10048838788472786],
[0.018534511578158764, -0.042112384629133144],
[0.024611382774076325, -0.0394763245347662],
[-0.03910894926238756, -0.0336938068430889],
[0.022736375430051383, -0.026427551033804834],
[-0.007356459999252582, 0.07009434942703242],
[0.025751328180456123, 0.00015678809338296463],
[-0.028870274948080175, -0.025923900419122722],
[-0.00873594401006571, 0.07434735473265898],
[0.025426476857069093, -0.059863049118101176],
[-0.008172205600940117, 0.05528465436857543],
[-0.029116552277652988, -0.02669647352452155],
[-0.027854979792335113, 0.00922632797394505],
[0.03736903559471405, -0.05927920057326753],
[0.05228928303622395, -0.026182912032531994],
[-0.02299903542732112, 0.004477586134089003],
[-0.0442847464395386, -0.026633854173773102],
[-0.02258376151982834, -0.03962496665673632],
[0.010959367018676088, 0.026930592451083743],
[0.001807054200306274, 0.022040935715992728],
[0.03708695551781074, -0.032362941764230914],
[-0.008352258831402622, 0.05291070785494702],
[0.03259112524150174, -0.05211013884458894],
[0.016862065893283998, -0.03969279858048555],
[-0.03820395271259882, 0.0806092511955968],
[-0.04878831791543547, 0.02816696853980035],
[-0.05024999438953101, -0.06097334059003113]]

posMusic com Class

[[0.04429638065756358, -0.0017475544561839115, 1], [0.028151506339311592, -0.030451061222120632, 1], [-0.03327419803906502, -0.0440768960882544, 2], [0.041162749038764754, 0.1425952507129106, 3], [-0.0016839661925332151, 0.10048838788472786, 0], [0.018534511578158764, -0.042112384629133144, 1], [0.024611382774076325, -0.0394763245347662, 1], [-0.03910894926238756, -0.0336938068430889, 2], [0.022736375430051383, -0.026427551033804834, 1], [-0.007356459999252582, 0.07009434942703242, 0], [0.025751328180456123, 0.00015678809338296463, 1], [-0.028870274948080175, -0.025923900419122722, 2], [-0.00873594401006571, 0.07434735473265898, 0], [0.025426476857069093, -0.059863049118101176, 1], [-0.008172205600940117, 0.05528465436857543, 0], [-0.029116552277652988, -0.02669647352452155, 2], [-0.027854979792335113, 0.00922632797394505, 4], [0.03736903559471405, -0.05927920057326753, 1], [0.05228928303622395, -0.026182912032531994, 1], [-0.02299903542732112, 0.004477586134089003, 4], [-0.0442847464395386, -0.026633854173773102, 2], [-0.02258376151982834, -0.03962496665673632, 2], [0.010959367018676088, 0.026930592451083743, 4], [0.001807054200306274, 0.022040935715992728, 4], [0.03708695551781074, -0.032362941764230914, 1], [-0.008352258831402622, 0.05291070785494702, 0], [0.03259112524150174, -0.05211013884458894, 1], [0.016862065893283998, -0.03969279858048555, 1], [-0.03820395271259882, 0.0806092511955968, 0], [-0.04878831791543547, 0.02816696853980035, 4], [-0.05024999438953101, -0.06097334059003113, 2]]


