kmeansBigfive
[2,2,0,2,1,4,0,2,4,4,0,1,2,2,4,2,2,0,4,2,2,3,0,1,4,2,0,1,0,2,0]

[[0.3828024848876631, 0.45243975447908386, 0.3570140599722837, 0.4635436032039166, 0.40597480685154114],
[0.36319343410789995, 0.4666908412601076, 0.37410819061908207, 0.5263102335652239, 0.33311149770518167],
[0.31507665836224785, 0.5461157964391722, 0.40959920951238254, 0.4012119298738969, 0.5685207940266347],
[0.229170638, 0.341092467, 0.371942072, 0.24638458, 0.253106898],
[0.133034141, 0.096100652, 0.060321787, 0.854002625, 0.319911973],
[0.716323328, 0.152169096, 0.477803913, 0.487900646, 0.568105204],
[0.240268014, 0.578896123, 0.293911912, 0.315387584, 0.735274459],
[0.124955997, 0.264752227, 0.529458122, 0.366260703, 0.300365762],
[0.301631027, 0.224104517, 0.419026019, 0.558318798, 0.541345932],
[0.176168572, 0.312264351, 0.468096539, 0.594671638, 0.548062944],
[0.3377630958723711, 0.4539411646092129, 0.43278925197839313, 0.4792260659457568, 0.533961582683569],
[0.438199838, 0.17527368, 0.131453477, 0.458589416, 0.176819146],
[0.32223230613617354, 0.6304239203542809, 0.3775563352103591, 0.4260910291446631, 0.3396751847999329],
[0.332605824, 0.457496225, 0.472825152, 0.487245424, 0.091731507],
[0.356106871830835, 0.31492357478054933, 0.2951516382236723, 0.5205739706152213, 0.5765520398953792],
[0.411501625439913, 0.4732500626888154, 0.4608526451215487, 0.47671653499673433, 0.47131136900691156],
[0.2568469460733258, 0.4995100280402206, 0.2994577378898966, 0.41729352399319475, 0.29211524995408467],
[0.2784091285723902, 0.4513760993555195, 0.5726163457950444, 0.36367728635026453, 0.6617358028855027],
[0.138312723, 0.182363346, 0.451834546, 0.526860746, 0.764190957],
[0.39367815394723077, 0.39153704195161193, 0.3577487915099239, 0.4205366838393885, 0.48620629667659787],
[0.21463914121416322, 0.601902716469604, 0.3168314049823761, 0.3570013685886315, 0.37848067299913857],
[0.001081258, 0.890046248, 0.78364599, 0.029972249, 0.237735274],
[0.330269906, 0.525680403, 0.219804628, 0.458907731, 0.598334136],
[0.187687727, 0.114456369, 0.452568749, 0.746945263, 0.119453178],
[0.457739652, 0.249218117, 0.394228213, 0.345856609, 0.610947582],
[0.38437142439918215, 0.48435742110159513, 0.38664770494859574, 0.42712053022481655, 0.472555202405062],
[0.205650995, 0.594211043, 0.389317244, 0.27553726, 0.493495209],
[0.437658629, 0.289060213, 0.28041972, 0.632537492, 0.248321444],
[0.32279263984362183, 0.47023555992854854, 0.4394405075468789, 0.4628351083765823, 0.5685818883984348],
[0.288593166, 0.810060626, 0.39029966, 0.290461396, 0.290146831],
[0.522607597, 0.68325926, 0.442240752, 0.383059394, 0.734559442]]

//posições

kmeansposBigfive
[1,1,0,1,3,4,0,1,4,4,0,3,1,1,4,0,1,0,4,0,1,2,0,3,4,0,0,3,0,2,0]

[[-0.004184584522384026, -0.0037143353770382154],
[-0.021337080107713454, -0.016015412579859768],
[0.041538291931409385, -0.00013793907942414874],
[-0.026174466166643578, -0.045378271536658715],
[-0.10696217269181262, 0.03495198627092616],
[-0.02152802345278451, 0.08026011430107223],
[0.06861619148014188, 0.012317149235877855],
[-0.04042089512938876, -0.033408826578289905],
[-0.020834951925350825, 0.047793540135319265],
[-0.010834898011939079, 0.041318416033056395],
[0.020764135090069878, 0.015297386530587797],
[-0.08432101606278787, 0.006948905346824228],
[0.015329066105668717, -0.0440504017173498],
[-0.044929145382764456, -0.05357202242158528],
[-0.005288406582382335, 0.04592381706730118],
[0.01750323336889975, 0.006441647631693096],
[-0.014356489032167264, -0.038179830719521954],
[0.05440571098134446, 0.01679192927412496],
[0.009732558931628433, 0.07885555611143553],
[0.005967086942636771, 0.018134783111220607],
[0.019959942795707394, -0.04384531290160308],
[0.056479366366466686, -0.12941029353037872],
[0.03509366111054255, 0.02296712626177556],
[-0.09792525717036828, -0.006283069769544492],
[0.013425263535311024, 0.05343542557206134],
[0.019023895134334962, 0.000340647858949875],
[0.04446117330913094, -0.032059171652055275],
[-0.0661026919653849, 0.012250470116606335],
[0.02933691980914787, 0.015339524062148845],
[0.03908831731071237, -0.07422202911704844],
[0.07447526400071881, 0.010908492059376534]]


[[-0.004184584522384026, -0.0037143353770382154, 1], [-0.021337080107713454, -0.016015412579859768, 1], [0.041538291931409385, -0.00013793907942414874, 0], [-0.026174466166643578, -0.045378271536658715, 1], [-0.10696217269181262, 0.03495198627092616, 3], [-0.02152802345278451, 0.08026011430107223, 4], [0.06861619148014188, 0.012317149235877855, 0], [-0.04042089512938876, -0.033408826578289905, 1], [-0.020834951925350825, 0.047793540135319265, 4], [-0.010834898011939079, 0.041318416033056395, 4], [0.020764135090069878, 0.015297386530587797, 0], [-0.08432101606278787, 0.006948905346824228, 3], [0.015329066105668717, -0.0440504017173498, 1], [-0.044929145382764456, -0.05357202242158528, 1], [-0.005288406582382335, 0.04592381706730118, 4], [0.01750323336889975, 0.006441647631693096, 0], [-0.014356489032167264, -0.038179830719521954, 1], [0.05440571098134446, 0.01679192927412496, 0], [0.009732558931628433, 0.07885555611143553, 4], [0.005967086942636771, 0.018134783111220607, 0], [0.019959942795707394, -0.04384531290160308, 1], [0.056479366366466686, -0.12941029353037872, 2], [0.03509366111054255, 0.02296712626177556, 0], [-0.09792525717036828, -0.006283069769544492, 3], [0.013425263535311024, 0.05343542557206134, 4], [0.019023895134334962, 0.000340647858949875, 0], [0.04446117330913094, -0.032059171652055275, 0], [-0.0661026919653849, 0.012250470116606335, 3], [0.02933691980914787, 0.015339524062148845, 0], [0.03908831731071237, -0.07422202911704844, 2], [0.07447526400071881, 0.010908492059376534, 0]]


BigFive com a class Musica:

[[-0.004184584522384026, -0.0037143353770382154, 1], [-0.021337080107713454, -0.016015412579859768, 1], [0.041538291931409385, -0.00013793907942414874, 2], [-0.026174466166643578, -0.045378271536658715, 3], [-0.10696217269181262, 0.03495198627092616, 0], [-0.02152802345278451, 0.08026011430107223, 1], [0.06861619148014188, 0.012317149235877855, 1], [-0.04042089512938876, -0.033408826578289905, 2], [-0.020834951925350825, 0.047793540135319265, 1], [-0.010834898011939079, 0.041318416033056395, 0], [0.020764135090069878, 0.015297386530587797, 1], [-0.08432101606278787, 0.006948905346824228, 2], [0.015329066105668717, -0.0440504017173498, 0], [-0.044929145382764456, -0.05357202242158528, 1], [-0.005288406582382335, 0.04592381706730118, 0], [0.01750323336889975, 0.006441647631693096, 2], [-0.014356489032167264, -0.038179830719521954, 4], [0.05440571098134446, 0.01679192927412496, 1], [0.009732558931628433, 0.07885555611143553, 1], [0.005967086942636771, 0.018134783111220607, 4], [0.019959942795707394, -0.04384531290160308, 2], [0.056479366366466686, -0.12941029353037872, 2], [0.03509366111054255, 0.02296712626177556, 4], [-0.09792525717036828, -0.006283069769544492, 4], [0.013425263535311024, 0.05343542557206134, 1], [0.019023895134334962, 0.000340647858949875, 0], [0.04446117330913094, -0.032059171652055275, 1], [-0.0661026919653849, 0.012250470116606335, 1], [0.02933691980914787, 0.015339524062148845, 0], [0.03908831731071237, -0.07422202911704844, 4], [0.07447526400071881, 0.010908492059376534, 2]]

